(+44)7484281751
(+44)7484281751
(+44)7484281751
(+44)7484281751
(+44)7484281751
(+44)7484281751
(+44)7492113014
(+44)7492113014
(+44)7492113014
(+44)7398596188
(+44)7398596188
(+44)7398596188
(+44)7398596188
(+44)7398596188
(+44)7398596188
(+44)7398596188
(+44)7398596188
(+44)7398596188
(+44)7398596188
(+44)7398596188
(+44)7595250147
(+44)7595250147
(+44)7595250147
(+44)7722794486
(+44)7722794486
(+44)7722794486
(+44)7722794486
(+44)7751792356
(+44)7751792356
(+44)7751792356
(+44)7751792356
(+44)7751792356
(+44)7751792356
(+44)7751792356
(+44)7751792356
(+44)7751792356
(+44)7398720935
(+44)7398720935
(+44)7398720935
(+44)7889742924
(+44)7889742924
(+44)7889742924
(+44)7889742924
(+44)7503542109
(+44)7732687129
(+44)7732687129
(+44)7399435524
(+44)7399435524
(+44)7399435524
(+44)7747832404
(+44)7747832404
(+44)7747832404
(+44)7747832404
(+44)7824825744
(+44)7801597397
(+44)7801597397
(+44)7801597397
(+44)7897268963
(+44)7897268963
(+44)7897268963
(+44)7897268963
(+44)7897268963
(+44)7897268963
(+44)7723396652
(+44)7723396652
(+44)7723396652
(+44)7759172540
(+44)7759172540
(+44)7759172540
(+44)7759172540
(+44)7896191456
(+44)7896191456
(+44)7896191456
(+44)7896191456
(+44)7555694619
(+44)7555694619
(+44)7555694619
(+44)7555694619
(+44)7555694619
(+44)7555694619
(+44)7555694619
(+44)7555694619
(+44)7564923655
(+44)7557678969
(+44)7557678969
(+44)7557678969
(+44)7557678969
(+44)7557678969
(+44)7557678969
(+44)7557678969
(+44)7557678969
(+44)7557678969
(+44)7845526603
(+44)7845526603
(+44)7845526603
(+44)7742006804
(+44)7742006804
(+44)7742006804
(+44)7742006804
(+44)7742006804
(+44)7742006804
(+44)7806761814
(+44)7806761814
(+44)7806761814
(+44)07979492907
(+44)07979492907
(+44)7762387156
(+44)7762387156
(+44)7762387156
(+44)7762387156
(+44)7736224242
(+44)7736224242
(+44)7736224242
(+44)7736224242
(+44)7955323572
(+44)7955323572
(+44)7955323572
(+44)7955323572
(+44)7955323572
(+44)7955323572
(+44)7471958564
(+44)7471958564
(+44)7471958564
(+44)7471958564
(+44)7471958564
(+44)7471958564
(+44)7471958564
(+44)7471958564
(+44)7471958564
(+44)7311799912
(+44)7311799912
(+44)7311799912
(+44)7311799912
(+44)7311799912
(+44)7311799912
(+44)7568472585
(+44)7568472585
(+44)7568472585
(+44)7568472585
(+44)7568472585
(+44)7568472585
(+44)7568472585
(+44)7568472585
(+44)7568472585
(+44)7568472585
(+44)7568472585
(+44)7568472585
(+44)07865354826
(+44)07865354826
(+44)07865354826
(+44)07865354826
(+44)7787184473
(+44)7787184473
(+44)7787184473
(+44)7425541932
(+44)7389805792
(+44)7389805792
(+44)7389805792
(+44)7389805792
(+44)7389805792
(+44)7389805792
(+44)7389805792
(+44)7389805792
(+44)7389805792
(+44)7801733777
(+44)7801733777
(+44)7801733777
(+44)7801733777
(+44)7801733777
(+44)7801733777
(+44)7736468338
(+44)7736468338
(+44)7736468338
(+44)7570602948
(+44)7570602948
(+44)7570602948
(+44)7570602948
(+44)7570345769
(+44)7570345769
(+44)7570345769
(+44)7538417850
(+44)7549202500
(+44)7549202500
(+44)7549202500
(+44)7510989168
(+44)7510989168
(+44)7510989168
(+44)7510989168
(+44)7510989168
(+44)7510989168
(+44)7510989168
(+44)7510989168
(+44)7510989168
(+44)7575160160
(+44)7575160160
(+44)7575160160
(+44)7575160160
(+44)7575160160
(+44)7575160160
(+44)7575160160
(+44)7575160160
(+44)7575160160
(+44)7415658969
(+44)7429224455
(+44)7930584437
(+44)7930584437
(+44)7970341759
(+44)7970341759
(+44)7970341759
(+44)7970341759
(+44)7970341759
(+44)7970341759
(+44)7970341759
(+44)7970341759
(+44)7970341759
(+44)7970341759
(+44)7970341759
(+44)7485071348
(+44)7485071348
(+44)7485071348
(+44)7485071348
(+44)7485071348
(+44)7485071348
(+44)7485071348
(+44)7485071348
(+44)7485071348
(+44)7485071348
(+44)7485071348
(+44)741*****85
(+44)07745153555
(+44)07745153555
(+44)07745153555
(+44)07745153555
(+44)7568544562
(+44)07745153555
(+44)07745153555
(+44)7494725109
(+44)7494725109
(+44)7494725109
(+44)7494725109
(+44)7494725109
(+44)7546499560
(+44)7546499560
(+44)7546499560
(+44)773*****82
(+44)7930099786
(+44)7930099786
(+44)7930099786
(+44)7930099786
(+44)7930099786
(+44)7930099786
(+44)7930099786
(+44)7930099786
(+44)7930099786
(+44)7402312169
(+44)7402312169
(+44)7359702263
(+44)7359702263
(+44)7359702263
(+44)7359702263
(+44)7926289423
(+44)7926289423
(+44)7926289423
(+44)7926289423
(+44)7926289423
(+44)7926289423
(+44)7926289423
(+44)7926289423
(+44)7926289423
(+44)7926289423
(+44)7926289423
(+44)7970341579
(+44)7970341579
(+44)7970341579
(+44)7970341579
(+44)7970341579
(+44)7970341579
(+44)7970341579
(+44)7970341579
(+44)7970341579
(+44)7970341579
(+44)7970341579
(+44)7455168794
(+44)7455168794
(+44)7455168794
(+44)7455168794
(+44)7455168794
(+44)7947385998
(+44)7947385998
(+44)7855064166
(+44)7855064166
(+44)7583259857
(+44)7583259857
(+44)748*****27
(+44)781*****26
(+44)7867381506
(+44)7867381506
(+44)7867381506
(+44)7359193528
(+44)7395901977
(+44)7885591181
(+44)7885591181
(+44)7885591181
(+44)7885591181
(+44)7885591181
(+44)7885591181
(+44)7885591181
(+44)7885591181
(+44)7885591181
(+44)7885591181
(+44)7885591181
(+44)7722794486
(+44)7455235213
(+44)7455235213
(+44)7455235213
(+44)7455235213
(+44)7738760425
(+44)7738760425
(+44)7738760425
(+44)7738760425
(+44)7738760425
(+44)7738760425
(+44)7738760425
(+44)7738760425
(+44)7738760425
(+44)7956013483
(+44)7956013483
(+44)7956013483
(+44)7956013483
(+44)7956013483
(+44)7956013483 